21 8
q -0.5312 -0.8355 0.6290 -0.0116 -0.0361 2.0205 -0.5768 -0.7169
w -0.1493 1.1867 -1.1402 -0.5058 0.8128 -0.2519 0.4202 0.1305
b -1.7590 -1.8848 0.1778 -3.9035 0.5805 -0.1174 2.5503 1.4544
m 1.3987 1.2912 0.3758 -2.1202 -1.1408 0.9037 -1.9341 0.5570
o 1.2251 -0.4869 0.8508 0.9096 -0.7840 0.5267 -2.0636 -0.7888
d -2.1174 -0.4881 0.0409 0.9978 3.0911 -0.1432 -1.3734 0.9399
t -0.0383 0.3795 -0.6327 0.9451 0.8032 -0.2538 -0.5876 0.0845
a -0.4333 1.0722 -3.4148 0.4879 1.6125 -0.7759 0.2162 -0.5618
v -0.3041 -0.4780 1.2054 2.0748 -2.3606 0.2623 -1.0119 1.4857
u -0.0252 0.4415 -0.3231 -0.4021 0.8309 -1.0241 0.8084 0.1020
s 2.1024 -2.3000 2.2400 0.3696 2.5241 1.2280 1.9279 0.5656
y -2.0203 -0.7706 0.7300 -0.4218 0.3485 2.6538 -3.0010 0.0737
f 1.5897 -1.7503 -1.9187 -1.0281 0.8669 -0.9776 -0.7527 3.1714
z -0.2056 1.1052 -1.5853 -0.5906 0.6674 -1.2110 1.7359 -2.5917
p 0.2524 1.1595 -1.0218 -1.5429 -0.3252 2.4805 1.6045 -0.0729
e -1.3755 0.6219 0.5044 2.3821 0.6828 1.2644 2.5636 1.1597
g 2.1393 0.8597 2.0308 -2.4304 1.1687 -0.4407 2.2128 0.0536
r 1.4594 -1.0540 -1.6968 1.3012 -1.8726 1.5196 -0.5997 -1.9308
x 0.9276 3.0071 -1.0515 0.1900 1.9317 2.3001 0.8469 0.0444
l 1.3653 -0.7491 0.5848 -0.0567 -0.4833 -0.3822 -0.1480 1.2229
n -1.5846 -2.9501 0.5334 -1.2732 -1.2678 -0.1948 -0.1997 -1.8834
